1 420 []
2 420 []
3 420 []
4 420 []
5 420 []
6 420 []
7 420 []
8 420 []
9 420 []
10 420 []
11 420 []
12 420 []
13 420 []
14 420 []
15 420 []
16 420 []
17 420 []
18 420 []
19 420 []
20 420 []
21 420 []
22 420 []
23 420 []
24 420 []
25 420 []
26 420 []
27 420 []
28 420 []
29 420 []
30 420 []
31 420 []
32 420 []
33 420 []
34 420 []
35 420 []
36 420 []
37 420 []
38 420 []
39 420 []
40 420 []
41 420 []
42 420 []
43 420 []
44 420 []
45 420 []
46 420 []
47 420 []
48 420 []
49 420 []
50 420 []
51 21 [1]
52 21 [2]
53 21 [3]
54 21 [4]
55 21 [5]
56 21 [6]
57 21 [7]
58 21 [8]
59 21 [9]
60 21 [10]
61 21 [11]
62 21 [12]
63 21 [13]
64 21 [14]
65 21 [15]
66 21 [16]
67 21 [17]
68 21 [18]
69 21 [19]
70 21 [20]
71 21 [21]
72 21 [22]
73 21 [23]
74 21 [24]
75 21 [25]
76 21 [26]
77 21 [27]
78 21 [28]
79 21 [29]
80 21 [30]
81 21 [31]
82 21 [32]
83 21 [33]
84 21 [34]
85 21 [35]
86 21 [36]
87 21 [37]
88 21 [38]
89 21 [39]
90 21 [40]
91 21 [41]
92 21 [42]
93 21 [43]
94 21 [44]
95 21 [45]
96 21 [46]
97 21 [47]
98 21 [48]
99 21 [49]
100 21 [50]
