1 1 []
2 1 [1]
3 1 [1]
4 1 [1]
5 1 [1]
6 1 [1]
7 1 [1]
8 1 [1]
9 1 [1]
10 1 [1]
11 1 [1]
12 1 [2]
13 1 [2]
14 1 [2]
15 1 [2]
16 1 [2]
17 1 [3]
18 1 [3]
19 1 [3]
20 1 [3]
21 1 [3]
22 1 [4]
23 1 [4]
24 1 [4]
25 1 [4]
26 1 [4]
27 1 [5]
28 1 [5]
29 1 [5]
30 1 [5]
31 1 [5]
32 1 [6]
33 1 [6]
34 1 [6]
35 1 [6]
36 1 [6]
37 1 [7]
38 1 [7]
39 1 [7]
40 1 [7]
41 1 [7]
42 1 [8]
43 1 [8]
44 1 [8]
45 1 [8]
46 1 [8]
47 1 [9]
48 1 [9]
49 1 [9]
50 1 [9]
51 1 [9]
52 1 [10]
53 1 [10]
54 1 [10]
55 1 [10]
56 1 [10]
57 1 [11]
58 1 [11]
59 1 [11]
60 1 [11]
61 1 [11]
62 1 [12, 13, 14, 15, 16]
63 1 [17, 18, 19, 20, 21]
64 1 [22, 23, 24, 25, 26]
65 1 [27, 28, 29, 30, 31]
66 1 [32, 33, 34, 35, 36]
67 1 [37, 38, 39, 40, 41]
68 1 [42, 43, 44, 45, 46]
69 1 [47, 48, 49, 50, 51]
70 1 [52, 53, 54, 55, 56]
71 1 [57, 58, 58, 60, 61]
72 1 [62, 63, 64, 65, 66, 67, 68, 69, 70, 71]
